965
15876
8772
20000
216000
486000
46
62208
3000
64152
81000
7390
524880
54880
476014
900360029
74880
105
2403381
169344
73728
4680
45
466560
66528
448
131220
5760
2600
21600
83160
181440
18432
6750
103
9216
49392
11340
336000
47040
202500
302400
998506315
20736
2736
3864
393660
4788
4608
60
276480
9180
2906162
82268566
23100
12544
85050
180
118272
646
86016
2730
71805
16524
6
3960
41472
52800
999999999
23115571
35280
97
164640
4752
291600
243000
23
42120
20480
44550
3072
15552
1512
184320
517759
176400
7025
132000
8550
306180
1134
31590
172032
4733
4725
138240
30
4655
2352
174960
559
938017885
51840
10500
23814
256000
21840
2000
3024
322081025
70000
281
87
33108
63
79200
200000
230400
29120
17640
19
67584
59400
999999937
1260
127
129600
3600
31104
48238
257
32640
100696425
102060
135000
139968
1920
14688
151200
127008
72000
2268
194241
16464
131980
8448
8100
84240
71280
162000
118800
1048576
13860
129024
8015864
65
2016
864
6765
787320
39936
94
77
1001
82
114688
12096
37
6400
180000
136080
1824
56448
6000
21383
26880
20
294912
4896
94770
10710
109
34020
226800
101250
120
79
5940
76
388800
204120
10560
57600
122877509
32
112
396
518400
1520
546
2940
324000
1836
123
4032
28000
108864
7500
27000
725573
77760
672
69120
641
2070
14400
58
1323
118263990
999999998
22500
998244353
473
49
155520
87480
40824
327680
24
2688
240000
30030
13056
64
268800
11264
2200
116
54000
8372259
5657
80640
25920
24192
912
179200
34848
85
42755209
163840
12800
23328
810
35640
25600
9450
225792
5767201
519
459270
4488
8424
21000
24300
31680
957262828
1701
2250
35
128000
23232
7455307
8960
987
583200
922505446
1890
163296
214573
21168
128
24750
7897861
3645
70400
7200
85536
633
301056
92400
30973
94080
10800
46080
57624
233280
10000
986129769
653477439
112000
53
1904
2520
81648
552960
2431
967669583
72576
95256
83
768
22464
2310
168000
961175759
20328
1001604
54600
14700
345600
28512
3312
472392
279936
40960
53760
32805
16000
589833267
21504
43
27720
24576
43680
442368
58054077
1000000
67200
196830
48
2618049
65536
8250
11232
81
491520
2025
95
19656
68
1386
13
38400
67500
58320
34560
14560
524288
621008
983900459
994617
29700
23040
2156
78750
126
6399199
11016
63504
7056
360000
28
688978813
6075
4
9409159
14040
474
19200
969
120000
55
193
33
697106497
1500
70200
13230
56
60000
52920
408240
42000
40320
391
501
124
98304
11664
129
64512
12870
29952
42105
36960
6541551
50400
468
5044
300
307200
201600
9600
160
1620
102
13680
19440
7560
926315427
5376
189
625433749
3375
186624
88
36283838
31
78000
112896
69888
84480
29250
67
244944
460800
96000
85712697
142560
192
147456
2430
9240
262440
8320
4560
272160
165888
21870
47958485
48510
54
6720
98415
10368
420
107
132300
1008
5304
17920
37440
43200
1600
84
79548
5616
98
5250
27184698
7290
3360
42336
364500
11000
8640
63360
5808
3888
3120
51
480000
170
236250
52488
4374
311040
24000
38880
622080
99
62
110
113
432255
9425
95040
52416
110250
8316
11
540
7296
6480
92317161
50688
300000
37800
5200
96228
196608
18
34
1584
17820
282791
8000
23760
64800
182250
20160
80
99840
1632
4539685
700
2100
126720
45000
5016
395
42
45360
10240
1817
33750
33401221
2376
70560
27456
36
813
15400
248832
24696
44800
103680
18480
17
27216
207360
53940
5400
63000
12768
14
7
22848
9827
536870912
211680
34300
85881
7938
92
61740
576
60480
49896
7785
16320
949106497
320
665
141120
9489
50544
29160
5040
81920
86
2560
10752
2592
13824
971866761
150000
105000
8208
61440
362880
121
6037
44
46464
4050
6300
5
4410
2880
16800
3371
108000
245760
3510
56160
25490988
30720
2340
3696
4312
21952
75
111
34944
97200
39600
64922375
36864
4536
13440
816
75264
15288
3
18000
157464
78
10080
104
1056
4480
22176
805306368
15
4320
252000
68040
349920
9504
10260
107520
9100
1100
91857
5520
99000
221184
115
981028563
74088
3584
93
1960
8347
2720
8748
6552
28672
73
4704
15120
89100
91
8087519
1944
215040
168960
5280
67893369
96
52
1615
38016
32400
288
119
18240
393216
362
82944
17280
1000000000
5297
117
108
4160
964532929
6804
2097152
72
7389
57024
110592
7392
5000
900
4675
14336
640
61966
44928
84000
3157819
32076
346742385
54432
161280
3780
26460
904152917
226151256
58800
48600
31500
145800
8
430080
18720
86400
322560
19008
673921
1741
4914
409342369
368640
33696
5346
5184
71
50
142884
660
13500
546750
48000
21384
48384
66
916855204
72900
42768
217728
5824
75600
50000
2640
12000
989447237
432000
198450
105840
15750
8826131
41600
26
34111
3264
441
4800
4943
5073
8624
10
6840
32000
1671
18816
954158175
331776
25200
122
8400
4620
40
145152
40950
209952
29484
32670
2
323
66150
123480
49280
22950
20592
63180
28800
69984
64680
194400
270000
8660
76800
9000
65610
1800
100800
4200
587234
193536
3528
7128
2304
13122
124416
105600
4000
57344
104976
3900
746803744
361
144000
12672
55296
7776
504
89
47628
9800
21
482421315
69
170100
22680
12348
3168
414720
135
12150
122880
782
15390
224
49920
25
259200
7680
655360
8064
133650
41580
17136
14112
94500
373248
80949857
340200
74
33792
90720
1728
16128
1215
3240
5721
2707
22
5625
115200
47
35100
17550
1764
3564
457481
31752
405000
15680
314928
101
23400
9408
614400
49152
125
125440
16224
7920
9
134400
38
5601
1680
5120
131
934
1530
12240
3509575
12960
76032
3456
8976
70
16200
59
70235461
630
30240
153600
4158
5600
567
90
235200
93312
57
29
2400
16380
115248
216
1249
15840
28080
92160
84579
288000
16
32256
510205
192000
19800
31200
32768
96768
6930
699840
51030
375000
116640
17424
9900
89600
11085765
1848
1440
241920
43740
49500
2160
33600
696
59136
24480
118
1
106
786432
7040
150528
792
281250
12288
49000
47473
25002
35503
88704
29400
56700
38497
